8   
39  
1   
0.00   
15.00  
2   
0.00   
7.50   
3   
0.00   
0.00   
4   
20.00  
0.00   
5   
40.00  
0.00   
6   
28.84  
11.16  
7   
17.68  
22.32  
8   
9.57   
17.03  
7   
17.68  
22.32  
6   
28.84  
11.16  
5   
40.00  
0.00   
9   
40.00  
30.00  
10  
40.00  
40.00  
11  
32.50  
40.00  
12  
25.00  
40.00  
13  
22.97  
30.43  
10  
40.00  
40.00  
9   
40.00  
30.00  
5   
40.00  
0.00   
14  
50.00  
0.00   
15  
60.00  
0.00   
16  
60.00  
20.00  
17  
60.00  
40.00  
18  
50.00  
40.00  
17  
60.00  
40.00  
16  
60.00  
20.00  
15  
60.00  
0.00   
19  
68.75  
10.00  
20  
77.50  
20.00  
21  
86.25  
30.00  
22  
95.00  
40.00  
23  
73.00  
40.00  
17  
60.00  
40.00  
23  
73.00  
40.00  
22  
95.00  
40.00  
24  
95.00  
60.00  
25  
95.00  
80.00  
26  
77.50  
80.00  
27  
60.00  
80.00  
28  
60.00  
60.00  
10  
40.00  
40.00  
18  
50.00  
40.00  
17  
60.00  
40.00  
28  
60.00  
60.00  
27  
60.00  
80.00  
29  
45.00  
80.00  
30  
40.00  
80.00  
31  
40.00  
50.00  
12  
25.00  
40.00  
11  
32.50  
40.00  
10  
40.00  
40.00  
31  
40.00  
50.00  
30  
40.00  
80.00  
32  
26.00  
66.00  
33  
17.68  
57.68  
34  
22.97  
49.57  
33  
17.68  
57.68  
32  
26.00  
66.00  
30  
40.00  
80.00  
35  
20.00  
80.00  
36  
0.00   
80.00  
37  
0.00   
72.50  
38  
0.00   
65.00  
39  
9.57   
62.97  
0   
0   
2   
0   
1   
3   
7   
0   
2   
0   
4   
6   
3   
0   
0   
5   
4   
0   
0   
6   
3   
5   
0   
7   
2   
6   
8   
0   
7   
0   
0   
0   

